Letter A:
[ 0.05012155 -0.1977152   0.5716467 ]
[-0.17111295 -0.5827575  -0.63015   ]
[ 0.4949033  -0.62549114  0.6879788 ]
[ 0.552323   -0.41049823  0.88478756]
[ 0.5755511  -0.622347    0.28461328]
[-0.12219569 -0.69406396  0.02473911]
[ 0.48799434  0.20295873 -0.5442029 ]
[-0.6499821   0.36436734 -0.56695044]
[ 0.37640268  0.359919   -0.26098573]
[-0.91193837  0.11753634 -0.2714635 ]
[ 0.56679446 -0.05786689  0.54742277]
[ 0.04527913 -0.16714075  0.47172898]
[ 0.4463815  -0.48494792 -0.63280255]
[ 0.5357703   0.73631966 -0.11965409]
[-0.6843916   0.15164945  0.31092012]
[-0.16378427  0.01170647 -0.11801211]
[ 0.23995353 -0.22102755 -0.2478325 ]
[ 0.2602859 -0.1908218  0.6249097]
[ 0.16310148 -0.1704874  -0.6377568 ]
[ 0.74941033  0.3323812  -0.10606176]
[-0.0064619   0.54420465  0.27548388]

Letter B:
[ 0.28796643 -0.43454468 -0.43518245]
[-0.28252384 -0.4705704   0.5271642 ]
[-0.693544   -0.79060435 -0.30888686]
[0.6938583  0.7582349  0.37634853]
[ 0.23272276  0.90130854 -0.79925495]
[-0.12066574 -0.5632631   0.41639942]
[-0.7874723   0.06881914  0.4435329 ]
[-0.8862747   0.13133731 -0.87084645]
[-0.8039724  -0.23043165  0.10102189]
[ 0.2095832   0.04318614 -0.9132728 ]
[-0.7446524   0.5870201   0.25026175]
[-0.662312   -0.35699067 -0.7900008 ]
[-0.89074194  0.5529257   0.65281534]
[-0.3316634 -0.9196189 -0.2347849]
[ 0.79153085  0.03938527 -0.511279  ]
[-0.19134101  0.5234858  -0.29196697]
[-0.27708927 -0.34063855  0.20895287]
[ 0.7454637   0.28012374 -0.66479844]
[-0.28118274 -0.43195686 -0.20032291]
[-0.5296949   0.2916697   0.59538263]
[0.46094763 0.14956899 0.43574846]

Letter C:
[-0.70439714 -0.7043081   0.52211404]
[ 0.1923304   0.6561428  -0.69144255]
[-0.4537562  -0.24369775  0.57196224]
[-0.16623944  0.12437439 -0.09114599]
[ 0.87196153 -0.3239215   0.83133215]
[-0.49188694 -0.10055736  0.08236312]
[-0.4033545  -0.49955654  0.1254675 ]
[ 0.4305055  -0.49981576  0.3641594 ]
[-0.00460756 -0.2067437  -0.38215974]
[-0.81333923  0.3753499   0.24025993]
[-0.6564378  -0.17453367  0.0010995 ]
[ 0.22814138  0.88626516 -0.45687675]
[ 0.3425319   0.21162185 -0.6624901 ]
[-0.03070711 -0.14342755 -0.05010448]
[-0.5312416  -0.45891002 -0.81795156]
[-0.2541334  -0.33181587 -0.18649535]
[-0.45287946 -0.5832761   0.21290246]
[-0.66198725 -0.20990744  0.13905263]
[-0.23904552 -0.52455944 -0.73023003]
[-0.80460703 -0.42547503  0.01161546]
[-0.5249965   0.6095728   0.76495874]

Letter D:
[-0.18454109 -0.7807782   0.7295483 ]
[ 0.09469416 -0.55752045  0.19281708]
[-0.3760218  -0.30881774 -0.29784167]
[ 0.52252567  0.82059777 -0.8626792 ]
[0.7147944  0.82632715 0.9409467 ]
[ 0.39859253 -0.42616978  0.03177942]
[-0.09927865  0.4211445   0.03968899]
[-0.83352315  0.0777604  -0.11504018]
[-0.1086365  -0.49694598 -0.5036862 ]
[-0.41939873 -0.04111715 -0.0540824 ]
[ 0.39127097  0.21704106 -0.45823967]
[-0.7709889 -0.5993487 -0.2030722]
[ 0.10114757 -0.44181693 -0.46300006]
[ 0.5696353   0.66961795 -0.39401138]
[-0.4273214  -0.32441258 -0.29312748]
[0.19193748 0.48923463 0.28041592]
[-0.68816775 -0.7491367   0.40792033]
[0.61517406 0.66070414 0.8433018 ]
[-0.31271094  0.19599013 -0.28273576]
[ 0.3003921  -0.34035066 -0.4737399 ]
[-0.46624413  0.44821906 -0.06689521]

